0.0036999999999999997
0.0037799145616651524
0.0038615551604022362
0.003944959076075034
0.004030164393737606
0.0041172100210251856
0.004206135705920757
0.0042969820549052995
0.004389790551500105
0.004484603575209558
0.00458146442087303
0.004680417318434807
0.004781507453140944
0.004884780986172414
0.00499028507572383
0.005098067898537516
0.0052081786719025995
0.005320667676129327
0.0054355862775087435
0.005552986951768264
0.005672923308033912
0.005795450113310007
0.005920623317487697
0.00604850007889351
0.006179138790389838
0.006312599106039072
0.0064489419683436515
0.00658822963607452
0.006730525712700537
0.00687589517543203
0.00702440440489154
0.007176121215425505
0.007331114886070575
0.007489456192188738
0.007651217437785806
0.007816472488527812
0.007985296805470637
0.008157767479518022
0.008333963266623947
0.008513964623755236
0.008697853745630915
0.008885714602255165
0.009077632977260806
0.009273696507081066
0.009473994720967292
0.009678619081871094
0.009887663028209403
0.010101222016531594
0.010319393565108224
0.010542277298461147
0.01076997499285548
0.011002590622774052
0.011240230408395707
0.011483002864099026
0.01173101884801367
0.011984391612641962
0.012243236856573803
0.012507672777318608
0.012777820125278222
0.013053802258885734
0.013335745200935046
0.013623777696127184
0.013918031269859483
0.014218640288284538
0.014525742019666374
0.014839476697061704
0.015159987582355205
0.015487421031677665
0.01582192656223718
0.016163656920593787
0.016512768152408697
0.01686941967370007
0.017233774343637705
0.017605998538910143
0.017986262229697795
0.018374739057287207
0.01877160641336145
0.019177045521003227
0.019591241517447466
0.020014383538621235
0.020446664805509676
0.020888282712387136
0.021339438916954227
0.02180033943242145
0.02227119472158187
0.02275221979291552
0.023243634298769585
0.023745662635659144
0.024258534046734084
0.024782482726459484
0.02531774792755658
0.02586457407025376
0.026423210853897067
0.026993913370971415
0.027576942223584488
0.028172563642466376
0.028781049608539718
0.029402677977115262
0.030037732604770086
0.030686503478966117
0.031349286850468214
0.03202638536862237
0.03271810821955554
0.03342477126736065
0.03414669719833068
0.03488421566830834
0.035637663453217956
0.03640738460284882
0.037193730597959995
0.03799706051077832
0.03881774116896295
0.03965614732311135
0.04051266181788304
0.041387675766819454
0.0422815887309397
0.043194808901193586
0.04412775328485547
0.04508084789594391
0.046054527949754134
0.04704923806159203
0.04806543244980058
0.04910357514317135
0.05016414019283581
0.051247611888733065
0.052354484980753076
0.053485264904656236
0.05464046801287252
0.05582062181028539
0.05702626519510844
0.05825794870496464
0.05951623476828039
0.06080169796110946
0.062114925269503796
0.06345651635755142
0.06482708384120316
0.06622725356801396
0.06765766490292607
0.06911897102022478
0.07061183920179985
0.07213695114184909
0.07369500325816299
0.07528670701013276
0.07691278922362672
0.07857399242288363
0.08027107516957441
0.08200481240918717
0.08377599582489349
0.08558543419905781
0.087433953782555
0.08932239867206426
0.09125163119551241
0.09322253230584206
0.0952360019832845
0.09729295964632124
0.09939434457152159
0.10154111632244815
0.10373425518782622
0.1059747626291766
0.10826366173811698
0.11060199770354028
0.11299083828888319
0.1154312743197033
0.11792442018178684
0.12047141433001521
0.12307341980822178
0.12573162478027733
0.12844724307264585
0.13122151472865884
0.1340557065747611
0.13695111279898664
0.13990905554192878
0.14293088550047445
0.1460179825445779
0.1491717563473563
0.15239364702879418
0.155685125813351
0.15904769570177218
0.16248289215740994
0.1659922838073683
0.16957747315879093
0.17324009733062046
0.1769818288011624
0.18080437617179543
0.1847094849471767
0.18869893833229834
0.19277455804675922
0.19693820515662425
0.2011917809242496
0.20553722767646396
0.20997652969150063
0.21451171410508615
0.21914485183609936
0.22387805853222278
0.22871349553601963
0.23365337087187538
0.2386999402542569
0.2438555081177481
0.24912242866933276
0.2545031069634053
0.26
