              precision    recall  f1-score   support

         0.0       0.93      0.93      0.93       581
         1.0       0.90      0.80      0.85       578
         2.0       0.91      0.98      0.95       544
         3.0       0.76      0.88      0.82       453
         4.0       0.77      0.76      0.76       520
         5.0       0.83      0.77      0.80       556

    accuracy                           0.85      3232
   macro avg       0.85      0.85      0.85      3232
weighted avg       0.85      0.85      0.85      3232
